"uri"
"http://reference.data.gov.uk/id/public-body/nhs-england"
